The Lion King	March 3, 1995	47,500,000	32,000,000[1]	11,900,000 [2]	3,680,000[3]	$852,000,000[4][2][3]
Finding Nemo	November 4, 2003	40,600,000	520,000[5]	38,800,000[2]	1,320,000[6]	$801,400,000[5][2][6]
Snow White and the Seven Dwarfs	October 28, 1994	35,000,000	27,000,000[7]	5,070,000[8]	2,960,000[3]	$598,000,000[9][8][3]
Beauty and the Beast	October 30, 1992	34,000,000	22,000,000[10]	7,500,000[11]	4,500,000[3]	$554,000,000[12][11][3]
Titanic	September 1, 1998	30,300,000	25,000,000[13]	4,900,000[14][15]	390,000[16]	$655,000,000[17][18][16]
Aladdin	October 1, 1993	29,600,000	25,000,000[19]	2,820,000[20]	1,810,000[21]	$748,000,000[22][23][21]
Avatar	April 22, 2010	26,500,000	N/A	19,000,000[7]	7,450,000[3]	$400,000,000[24][3]
Spider-Man	November 1, 2002	26,000,000	6,500,000[25]	19,500,000[25]	16,000[26]	$727,000,000[25][26]
The Little Mermaid	May 18, 1990	25,900,000	10,000,000[27]	13,400,000[28]	2,470,000[28]	$565,000,000[29][28]
Cinderella	October 4, 1988	25,800,000	17,000,000[10]	7,280,000[30]	1,470,000[30]	$293,000,000[30]
Shrek	November 2, 2001	25,300,000	15,400,000[1]	9,900,000[2]	N/A	$450,000,000[1][2]
Toy Story	October 29, 1996	25,200,000	19,500,000[12]	4,920,000[31]	730,000[31]	$401,000,000[12][31]
Independence Day	November 22, 1996	24,300,000	22,000,000[13]	1,960,000[32][33]	384,000[33]	$588,000,000[34][32][33]
Cars	November 7, 2006	23,400,000	N/A	23,100,000[35]	320,000[35]	$334,000,000[35]
Jurassic Park	October 4, 1994	23,000,000	21,000,000[13]	1,480,000[36]	520,000[37]	$345,000,000[38][36][37]
The Dark Knight	December 9, 2008	21,800,000	N/A	19,200,000[39]	2,620,000[3]	$317,000,000[39][3]
Frozen	March 18, 2014	21,600,000	N/A	14,000,000[40]	7,600,000[3]	$401,000,000[40][3]
One Hundred and One Dalmatians	April 10, 1992	21,100,000	15,900,000[27]	4,580,000[41]	590,000[42]	$264,000,000[43][41][42]
How the Grinch Stole Christmas	November 20, 2001	20,800,000	12,800,000[1]	7,390,000[44]	650,000[45]	$337,000,000[1][44][45]
Shrek 2	November 5, 2004	20,700,000	2,000,000[46]	18,710,000[46][47]	N/A	$348,000,000[46][47]